ARRIVAL_REQUEST_@TIME,SLICE_MEC_CPU_REQUEST,SLICE_MEC_RAM_REQUEST,SLICE_MEC_STORAGE_REQUEST,SLICE_MEC_BW_REQUEST,SLICE_RAN_R_REQUEST,SLICE_KILL_@TIME
0.017,2.0,4.0,10.0,8.0,15.0,13.017
0.06,4.0,8.0,32.0,20.0,45.0,5.06
0.13,4.0,8.0,20.0,14.0,30.0,6.13
0.214,2.0,4.0,8.0,5.0,10.0,3.214
0.215,4.0,8.0,20.0,14.0,30.0,4.215
0.252,1.0,2.0,5.0,2.0,8.0,13.252
0.309,1.0,2.0,5.0,2.0,8.0,13.309
0.391,2.0,4.0,10.0,8.0,15.0,9.391
0.416,2.0,4.0,10.0,8.0,15.0,9.416
0.416,2.0,4.0,8.0,5.0,10.0,4.416
0.462,2.0,4.0,8.0,5.0,10.0,1.462
0.471,4.0,8.0,32.0,20.0,45.0,11.471
0.506,2.0,4.0,10.0,8.0,15.0,14.506
0.523,2.0,4.0,10.0,8.0,15.0,7.523
0.606,2.0,4.0,10.0,8.0,15.0,7.606
0.615,2.0,4.0,8.0,5.0,10.0,0.615
0.618,4.0,8.0,20.0,14.0,30.0,5.618
0.626,2.0,4.0,10.0,8.0,15.0,8.626
0.653,2.0,4.0,8.0,5.0,10.0,2.653
0.745,2.0,4.0,10.0,8.0,15.0,13.745
0.793,2.0,4.0,8.0,5.0,10.0,3.793
0.793,1.0,2.0,5.0,2.0,8.0,9.793
0.832,2.0,4.0,10.0,8.0,15.0,6.832
0.868,4.0,8.0,32.0,20.0,45.0,16.868
0.927,6.0,12.0,64.0,30.0,50.0,10.927
0.929,4.0,8.0,20.0,14.0,30.0,4.929
1.016,2.0,4.0,8.0,5.0,10.0,3.016
1.022,2.0,4.0,8.0,5.0,10.0,4.022
1.077,4.0,8.0,20.0,14.0,30.0,5.077
1.084,6.0,12.0,64.0,30.0,50.0,3.084
1.149,2.0,4.0,10.0,8.0,15.0,17.149
1.156,4.0,8.0,32.0,20.0,45.0,10.156
1.168,4.0,8.0,32.0,20.0,45.0,12.168
1.175,6.0,12.0,64.0,30.0,50.0,13.175
1.176,6.0,12.0,64.0,30.0,50.0,9.176
1.198,2.0,4.0,8.0,5.0,10.0,2.198
1.248,2.0,4.0,8.0,5.0,10.0,2.248
1.282,1.0,2.0,5.0,2.0,8.0,7.282
1.32,2.0,4.0,8.0,5.0,10.0,4.32
1.539,4.0,8.0,20.0,14.0,30.0,8.539
1.61,1.0,2.0,5.0,2.0,8.0,8.61
1.625,4.0,8.0,20.0,14.0,30.0,7.625
1.647,2.0,4.0,10.0,8.0,15.0,12.647
1.721,1.0,2.0,5.0,2.0,8.0,8.721
1.741,4.0,8.0,20.0,14.0,30.0,7.741
1.787,4.0,8.0,20.0,14.0,30.0,4.787
1.824,2.0,4.0,10.0,8.0,15.0,7.824
1.832,2.0,4.0,10.0,8.0,15.0,6.832
1.959,4.0,8.0,32.0,20.0,45.0,9.959
1.966,4.0,8.0,32.0,20.0,45.0,9.966
1.974,1.0,2.0,5.0,2.0,8.0,12.974
1.993,2.0,4.0,8.0,5.0,10.0,3.993
2.113,6.0,12.0,64.0,30.0,50.0,11.113
2.207,4.0,8.0,20.0,14.0,30.0,6.207
2.547,1.0,2.0,5.0,2.0,8.0,18.547
2.573,2.0,4.0,8.0,5.0,10.0,7.573
2.582,4.0,8.0,32.0,20.0,45.0,11.582
2.679,4.0,8.0,32.0,20.0,45.0,12.679
2.745,4.0,8.0,32.0,20.0,45.0,7.745
2.808,4.0,8.0,32.0,20.0,45.0,11.808
2.935,2.0,4.0,8.0,5.0,10.0,6.935
3.009,2.0,4.0,10.0,8.0,15.0,13.009
3.017,6.0,12.0,64.0,30.0,50.0,9.017
3.023,2.0,4.0,8.0,5.0,10.0,6.023
3.03,4.0,8.0,20.0,14.0,30.0,6.03
3.339,2.0,4.0,10.0,8.0,15.0,16.339
3.437,1.0,2.0,5.0,2.0,8.0,16.437
3.448,1.0,2.0,5.0,2.0,8.0,12.448
3.451,2.0,4.0,8.0,5.0,10.0,5.451
3.476,2.0,4.0,8.0,5.0,10.0,5.476
3.623,1.0,2.0,5.0,2.0,8.0,9.623
3.634,2.0,4.0,10.0,8.0,15.0,14.634
3.652,2.0,4.0,8.0,5.0,10.0,7.652
3.754,4.0,8.0,20.0,14.0,30.0,9.754
3.773,1.0,2.0,5.0,2.0,8.0,10.773
3.789,6.0,12.0,64.0,30.0,50.0,8.789
3.87,1.0,2.0,5.0,2.0,8.0,9.87
3.942,4.0,8.0,32.0,20.0,45.0,15.942
3.97,4.0,8.0,20.0,14.0,30.0,11.97
3.987,2.0,4.0,10.0,8.0,15.0,12.987
3.988,1.0,2.0,5.0,2.0,8.0,8.988
4.062,1.0,2.0,5.0,2.0,8.0,19.062
4.117,4.0,8.0,32.0,20.0,45.0,10.117
4.148,2.0,4.0,10.0,8.0,15.0,7.148
4.173,2.0,4.0,8.0,5.0,10.0,9.173
4.211,4.0,8.0,32.0,20.0,45.0,14.211
4.244,1.0,2.0,5.0,2.0,8.0,14.244
4.312,2.0,4.0,10.0,8.0,15.0,11.312
4.367,4.0,8.0,20.0,14.0,30.0,10.367
4.458,1.0,2.0,5.0,2.0,8.0,17.458
4.476,4.0,8.0,20.0,14.0,30.0,13.476
4.494,4.0,8.0,20.0,14.0,30.0,10.494
4.561,6.0,12.0,64.0,30.0,50.0,15.561
4.623,2.0,4.0,8.0,5.0,10.0,12.623
4.709,6.0,12.0,64.0,30.0,50.0,12.709
4.71,4.0,8.0,32.0,20.0,45.0,11.71
4.888,4.0,8.0,20.0,14.0,30.0,9.888
4.936,2.0,4.0,10.0,8.0,15.0,10.936
4.99,2.0,4.0,8.0,5.0,10.0,6.99
5.07,1.0,2.0,5.0,2.0,8.0,12.07
